-->3fa9929b-6916-4bb1-a482-3eb5140e4e16.0
Form\ВыборОбъектаМетаданных\Форма.bsl-->f9180c3b-a8e5-4290-b2a6-d252c6f9966b.0 (597, 863)
Form\ОтменитьПроведениеДокументов\Форма.bsl-->59b29483-9418-4815-8b54-7ca6da39ad79.0 (196, 636)
Form\ПеренумерацияОбъектов\Форма.bsl-->ead0420f-d14b-413a-bbf2-ce5da4888758.0 (618, 1 359)
Form\ПодборИОбработка\Форма.bsl-->c6e745e7-7d38-4fa9-bd71-0b0f136a7170.0 (1 915, 4 062)
Form\ПометитьНаУдаление\Форма.bsl-->ad6fd1ff-a89c-46d8-987a-64dc9b14185c.0 (196, 633)
Form\ПровестиДокументы\Форма.bsl-->7c4af40b-0bd4-430b-8047-d5f1b328367c.0 (196, 633)
Form\ПроизвольныйАлгоритм\Форма.bsl-->77777349-80f5-4a59-b6c9-8386b1c6273f.0 (643, 1 264)
Form\СнятьПометкуУдаления\Форма.bsl-->22a8e5dc-9c1e-466d-8b25-a264e205ed9a.0 (196, 636)
Form\Удалить\Форма.bsl-->f8de8495-0ae0-49c8-a12e-5becadc2dc4b.0 (196, 639)
Form\УдалитьЗаписиРегистров\Форма.bsl-->9af0f85f-53ba-4d6b-8dda-b1a1aca29ee6.0 (196, 601)
Form\УстановкаРеквизитов\Форма.bsl-->c0cb6ce9-feab-41e1-9cfa-cd5a4ea64471.0 (1 382, 2 564)
Form\ФормаНастроекУправляемая\Форма.bsl-->ab7a3efb-bd3f-418c-9348-50ab43a8b0f6.0 (419, 454)
Form\ФормаОтбора\Форма.bsl-->d13a2732-9082-4c84-9bd3-34fa44a4155c.0 (1 548, 1 843)
Form\ШаблонОбработки\Форма.bsl-->c1799112-09df-4cf1-ad9f-92774acd6e25.0 (196, 629)
